-1.503685303032398224e-02
2.422212660312652588e-01
5.145457386970520020e-01
3.329926729202270508e-01
-3.913149237632751465e-02
9.505473077297210693e-02
1.116698756814002991e-01
9.205889701843261719e-02
-2.433036565780639648e-01
3.102359175682067871e-01
3.061369657516479492e-01
-2.819104194641113281e-01
-5.302619338035583496e-01
6.077721714973449707e-01
-1.888218820095062256e-01
-4.353854805231094360e-02
-2.440968751907348633e-01
2.998049855232238770e-01
5.768976807594299316e-01
-1.090832203626632690e-01
-3.723207861185073853e-02
5.106897354125976562e-01
2.169601023197174072e-01
6.212263181805610657e-02
-5.898033082485198975e-02
6.182787418365478516e-01
4.594868719577789307e-01
-8.961801975965499878e-02
-1.511733829975128174e-01
4.185259342193603516e-01
7.043435703963041306e-03
4.411446750164031982e-01
-2.207737863063812256e-01
1.519695222377777100e-01
3.201758265495300293e-01
-3.579499125480651855e-01
-5.759103298187255859e-01
1.501218229532241821e-01
5.180462002754211426e-01
4.239603579044342041e-01
7.670959085226058960e-02
7.762201428413391113e-01
5.227304697036743164e-01
1.593399047851562500e-01
1.312322765588760376e-01
-1.289014071226119995e-01
-2.070938497781753540e-01
2.941924035549163818e-01
4.585968554019927979e-01
3.958565592765808105e-01
2.151522487401962280e-01
-1.544973067939281464e-02
-1.593424379825592041e-01
-9.055396914482116699e-02
-2.771167270839214325e-02
-1.160683855414390564e-01
3.478615880012512207e-01
-1.429292261600494385e-01
-2.637400329113006592e-01
2.750885486602783203e-01
-5.391220450401306152e-01
1.000000000000000000e+00
4.642181098461151123e-02
3.735862076282501221e-01
6.384489536285400391e-01
6.533734202384948730e-01
1.428429633378982544e-01
1.035371050238609314e-01
1.303973235189914703e-02
5.058069229125976562e-01
3.007988333702087402e-01
2.540005147457122803e-01
-1.209179610013961792e-01
-6.509082764387130737e-02
-2.503525316715240479e-01
-1.984907537698745728e-01
2.583558112382888794e-02
5.872034430503845215e-01
2.972171902656555176e-01
4.378306865692138672e-01
7.069408893585205078e-01
8.218525648117065430e-01
4.358050227165222168e-01
-3.907634019851684570e-01
1.974452883005142212e-01
-2.852996885776519775e-01
4.856034815311431885e-01
3.224642276763916016e-01
2.932392954826354980e-01
-1.729126721620559692e-01
2.813715636730194092e-01
-2.722814977169036865e-01
5.920059680938720703e-01
2.627689540386199951e-01
2.525817155838012695e-01
8.083894848823547363e-01
7.627393007278442383e-01
4.455555081367492676e-01
-2.202202081680297852e-01
-2.610703110694885254e-01
-8.677142113447189331e-02
4.640246927738189697e-01
-2.622122466564178467e-01
-1.341899186372756958e-01
-1.116882562637329102e-01
-3.162386417388916016e-01
-2.768133282661437988e-01
9.919860959053039551e-02
-6.957100033760070801e-01
5.773868560791015625e-01
3.641608357429504395e-01
2.749092280864715576e-01
7.723450064659118652e-01
1.929941773414611816e-01
2.492571771144866943e-01
-3.137992620468139648e-01
1.329415142536163330e-01
2.509917914867401123e-01
-4.782648086547851562e-01
-4.617522060871124268e-01
-5.965007096529006958e-02
-6.386159062385559082e-01
-5.690700411796569824e-01
-1.448703110218048096e-01
3.535503149032592773e-01
2.805140018463134766e-01
5.566560626029968262e-01
1.667419373989105225e-01
8.254531025886535645e-01
5.523510575294494629e-01
-2.904257476329803467e-01
-2.268739789724349976e-01
5.557639598846435547e-01
-2.258718311786651611e-01
2.757589817047119141e-01
-4.526599943637847900e-01
-2.822374701499938965e-01
-3.868134021759033203e-01
-4.911924004554748535e-01
8.510405570268630981e-02
1.870780885219573975e-01
-4.155110567808151245e-02
6.409893035888671875e-01
1.708528399467468262e-01
